3.667279451885622210e-01 1.136695679395274133e-01
6.508784258306938852e-01 1.565890568066191091e-01
8.466345632320385617e-01 1.943560633492912026e-01
8.993133028077163749e-01 2.263421538471689642e-01
9.292542507857114442e-01 2.572805486962455035e-01
9.457679671972355484e-01 2.873594280273103485e-01
9.465970984280549505e-01 3.185841274138483947e-01
9.437113950553057684e-01 3.524251920173072650e-01
9.394173531729747006e-01 3.893572826307722390e-01
9.332319127265492620e-01 4.299184238106656952e-01
9.258472495275140712e-01 4.746873497535402664e-01
9.174159401010792969e-01 5.241920375264336185e-01
9.077506484257091834e-01 5.790157919218760219e-01
8.966560699305196058e-01 6.398352143877739096e-01
8.838644455738862149e-01 7.074299674750021971e-01
8.689735424872767622e-01 7.827179197529138266e-01
8.513930038004166034e-01 8.668087402209052605e-01
8.302332347167903359e-01 9.610835909287458456e-01
8.040833684263309911e-01 1.067320273884859283e+00
7.706437191510918661e-01 1.187871729123657571e+00
7.261616919415994076e-01 1.325789102382072704e+00
6.645723104283909333e-01 1.484359345461553792e+00
5.777730020993292470e-01 1.663717903722232272e+00
4.612412049998946273e-01 1.847115059806651027e+00
3.263220745480396312e-01 1.971191773283066828e+00
2.073838125220832940e-01 1.932442502780808535e+00
1.284950652069042631e-01 1.718238836580517015e+00
8.030848216850280941e-02 1.435538302688626588e+00
5.003064272319908412e-02 1.169049336757211233e+00
3.186695686404257544e-02 9.507439375798129033e-01
2.090620190016239874e-02 7.828228338638287820e-01
1.372568638162577001e-02 6.550062771291129682e-01
9.015637382982397488e-03 5.567751517052547117e-01
6.050459786748089638e-03 4.804888175212611579e-01
4.124098716263833488e-03 4.204748236409479034e-01
2.790716088448977252e-03 3.724695672799661073e-01
1.866056938765150953e-03 3.334317038008391965e-01
1.246605278241422112e-03 3.012372374401204866e-01
8.374624011963930281e-04 2.743577336062764105e-01
5.646266212614717761e-04 2.516572161709091371e-01
3.811805326937355910e-04 2.322800248197270934e-01
2.579806867353471298e-04 2.155769659858018383e-01
1.753445480564764971e-04 2.010502445260559379e-01
1.196830487718694361e-04 1.883133971181072119e-01
8.194301302883591552e-05 1.770629926375284768e-01
5.622551687173604930e-05 1.670583898707772019e-01
3.864845957435189506e-05 1.581068996888916334e-01
2.661125756081271103e-05 1.500527691748649584e-01
1.835478093425727068e-05 1.427689577808911314e-01
1.268184163585320338e-05 1.361509550534329149e-01
8.774996818231483038e-06 1.301120915514600018e-01
6.077488332714586924e-06 1.245799504482776182e-01
4.211208670279366627e-06 1.194935964480305646e-01
2.918558904901929045e-06 1.148014159835919340e-01
2.022778709492153340e-06 1.104594193376812888e-01
1.401887275289423512e-06 1.064298955837396643e-01
9.714839645288016044e-07 1.026803392659086378e-01
6.731223357855337841e-07 9.918258781899218224e-02
4.663252318960432059e-07 9.591212356276626605e-02
3.230577262794211795e-07 9.284750513806838690e-02
2.238971430116720865e-07 8.996990146940346544e-02
1.553974860782471975e-07 8.726270749014808370e-02
1.082942249020578441e-07 8.471122549769047327e-02
7.629673510816859861e-08 8.230239951461983117e-02
5.531222906959690824e-08 8.002459271382210415e-02
4.303870939695941225e-08 7.786740003657262321e-02
3.894365216514503708e-08 7.582148974625610438e-02
4.477584788210813584e-08 7.387846893363766987e-02
6.587192026094740889e-08 7.203076901385488395e-02
1.138882984070135350e-07 7.027154809619823306e-02
2.128952035776542851e-07 6.859460796059012322e-02
4.112651921256947449e-07 6.699432428040449916e-02
8.047344068876663636e-07 6.546558964319308671e-02
1.587160287220062404e-06 6.400377115935446115e-02
3.162448726820722340e-06 6.260468880791872359e-02
6.392600521977053443e-06 6.126463038914862352e-02
1.299936445380338800e-05 5.998042682529267089e-02
2.644991109759334630e-05 5.874962608758935861e-02
5.403619733148131717e-05 5.757091779893776240e-02
1.095937217799166025e-04 5.644494107071721528e-02
2.220690626208686729e-04 5.537583748750074530e-02
4.535872171435365290e-04 5.437511380369946384e-02
9.133073850597086488e-04 5.346770183524941072e-02
1.839986933914011932e-03 5.270378357637896249e-02
3.768777359901223905e-03 5.219165139111753976e-02
7.735236593163139635e-03 5.215501944194755879e-02
1.605365452326860606e-02 5.305375220512601603e-02
3.303908037163379163e-02 5.583521353725011405e-02
6.753995363831513665e-02 6.230515503692544282e-02
1.428313479387467722e-01 7.614107334223242651e-02
